10 3 20.848 1 0 0
13 2 3.647 1 1
14 3 17.099 0 1 0
15 3 2.897 0 0 0
16 2 5.466 1 0
17 1 1.154 1
18 2 2.04 0 0
19 3 10.188 0 0 0
20 3 2.594 0 0 0
21 3 1.044 0 0 0
22 4 2.418 0 0 0 0
31 1 13.309 0
32 1 6.475 1
33 1 1.09 0
40 1 5.078 0
41 1 1.583 1
42 1 0.81 0
43 3 3.846 1 1 1
44 3 2.271 1 1 1
45 5 4.758 1 0 1 1 1
46 3 2.766 0 1 1
47 3 2.385 0 1 1
48 6 5.135 0 0 0 1 1 1
49 4 2.453 1 1 1 1
50 4 2.783 0 0 1 0
51 3 2.608 0 1 1
52 5 2.874 1 1 1 1 1
53 2 1.119 1 1
54 2 1.796 0 1
55 2 1.624 0 0
56 2 1.334 0 1
57 1 1.081 0
58 4 3.251 1 0 0 1
59 5 3.461 0 1 0 1 1
60 5 4.301 0 0 0 1 0
61 2 1.691 1 1
62 2 1.534 1 1
63 1 0.811 0
69 2 15.873 0 0
72 2 2.249 0 0
73 3 2.574 0 0 1
26 1 4.477 0
27 4 302.872 0 0 0 1
28 3 4.383 0 0 1
29 5 154.895 0 1 0 1 1
31 2 6.23 0 0
32 2 40.005 0 0
33 2 11.327 0 0
34 1 32.65 1
35 3 7.532 0 1 0
36 3 15.416 0 1 1
38 1 1.595 1
