5 5 12.21 364.59497206703907 225.09776536312847 336.06145251396646 206.0754189944134 583.3519553072625 235.6657355679702 211.35940409683425 230.38175046554935 65.52141527001862 222.98417132216014
6 1 3.384 143.10055865921785 215.1582867783985
7 1 1.381 479.51582867783986 247.43016759776538
9 2 4.521 361.79471544715454 187.19308943089433 518.7682926829269 209.01829268292687
10 1 2.695 366.2195121951219 266.6158536585366
11 1 1.315 170.4227642276423 170.4227642276423
12 1 1.017 149.97560975609755 247.6341463414634
13 1 1.104 162.76422764227644 201.89024390243904
14 1 1.597 389.69105691056905 181.75609756097558
19 0 5.529
20 0 1.819
21 0 2.351
22 0 45.37
23 1 1.637 178.5772357723577 188.67073170731706
24 1 1.015 136.58536585365854 163.90243902439025
25 1 1.924 146.63414634146338 110.65447154471542
26 1 1.592 381.6666666666667 214.16666666666669
27 0 79.639
29 0 434.757
30 0 28.731
32 0 9.844
33 0 11.147
34 1 22.03 196.41869918699186 179.2642276422764
35 1 20.099 261.880081300813 332.9105691056911
36 0 15.534
37 0 6.273
